      0/79     10.6G    0.0695   0.01735         0   0.08685        31       640   0.02557   0.02985   0.00224 0.0003914   0.09134   0.01877         0
      1/79     10.5G   0.05845   0.01205         0    0.0705        28       640   0.00962    0.1791  0.004462 0.0006583   0.08391   0.01607         0
      2/79     10.5G   0.05282  0.009935         0   0.06275        35       640   0.04007    0.2164   0.02345  0.004771    0.0805   0.01475         0
      3/79     10.5G   0.05018  0.008784         0   0.05897        37       640    0.4236    0.3507    0.3393   0.09228   0.07106   0.01439         0
      4/79     10.5G   0.04914  0.007449         0   0.05659        27       640    0.6925    0.7313    0.7176    0.2098   0.07815   0.01233         0
      5/79     10.5G   0.05003  0.006317         0   0.05635        32       640     0.356    0.5363    0.3173   0.06837   0.08078   0.01157         0
      6/79     10.5G   0.03979  0.006861         0   0.04666        26       640    0.6198    0.7985    0.6667    0.1983   0.07552   0.01194         0
      7/79     10.5G   0.04595  0.006691         0   0.05264        29       640    0.6527    0.7152    0.6401    0.2484    0.0842   0.01073         0
      8/79     10.5G   0.03545  0.006452         0    0.0419        25       640    0.7533    0.7748    0.7949    0.3709   0.08615  0.009271         0
      9/79     10.5G   0.03987  0.005678         0   0.04555        35       640    0.7861    0.8229    0.8215     0.289   0.08718  0.008825         0
     10/79     10.5G   0.03597  0.005375         0   0.04134        34       640    0.8159    0.8267    0.8305    0.3023   0.08677   0.00825         0
     11/79     10.5G   0.03245  0.004848         0    0.0373        30       640    0.8102    0.8283    0.8173    0.3012   0.09118  0.007788         0
     12/79     10.5G   0.04105  0.004799         0   0.04585        27       640    0.8264    0.8657    0.8703    0.3422   0.09086  0.007249         0
     13/79     10.5G   0.03912   0.00462         0   0.04374        33       640    0.9067    0.8881    0.9233    0.4387   0.08787  0.007589         0
     14/79     10.5G   0.04303  0.004245         0   0.04728        25       640    0.9127    0.8577     0.874    0.3583   0.08978  0.007297         0
     15/79     10.5G   0.03075  0.004167         0   0.03492        33       640    0.9193    0.8507    0.9086    0.4777    0.0892  0.006846         0
     16/79     10.5G   0.03856  0.003672         0   0.04224        34       640    0.8847    0.8657     0.879    0.4259   0.08814  0.007585         0
     17/79     10.5G    0.0414  0.004103         0   0.04551        36       640    0.7867    0.8284    0.8444    0.3962   0.08168  0.008093         0
     18/79     10.5G   0.03902  0.003812         0   0.04284        23       640    0.8271    0.6567    0.7243     0.317   0.08153   0.01067         0
     19/79     10.5G    0.0408  0.004042         0   0.04484        40       640    0.8066    0.8134    0.7692    0.3033   0.08796  0.007606         0
     20/79     10.5G   0.03613  0.003807         0   0.03994        28       640    0.7943    0.8357    0.8048    0.3428   0.08608  0.007214         0
     21/79     10.5G   0.03842  0.003627         0   0.04205        26       640     0.645    0.6791    0.6858    0.2948   0.08227   0.01208         0
     22/79     10.5G   0.03257  0.003462         0   0.03603        29       640    0.8197    0.7985     0.827    0.3206   0.08072  0.009151         0
     23/79     10.5G    0.0337  0.003268         0   0.03697        23       640    0.8871    0.8208    0.8767    0.4764   0.07488  0.009049         0
     24/79     10.5G   0.03581  0.003306         0   0.03911        35       640    0.8906    0.8507    0.8794    0.4365   0.07827  0.007892         0
     25/79     10.5G   0.03648  0.003193         0   0.03967        30       640    0.8656    0.8654    0.8751     0.448   0.08269  0.007193         0
     26/79     10.5G   0.03746  0.003326         0   0.04078        42       640    0.8425    0.7612    0.7591    0.2868   0.08793  0.009106         0
     27/79     10.5G   0.03665  0.003294         0   0.03994        27       640    0.5619    0.6418    0.4667    0.2062   0.07681   0.01123         0
     28/79     10.5G   0.03678  0.003728         0   0.04051        36       640  0.003222    0.1866  0.001186 0.0002054    0.1105    0.0665         0
     29/79     10.5G   0.04871  0.005125         0   0.05384        33       640   0.02466   0.05224  0.002024  0.000313    0.1021   0.01588         0
     30/79     10.5G    0.0378  0.004764         0   0.04257        25       640    0.6044    0.3507    0.3688    0.1671    0.0836   0.01319         0
     31/79     10.5G   0.04111  0.004046         0   0.04515        26       640    0.7203       0.5    0.5567    0.2636   0.07813   0.01165         0
     32/79     10.5G   0.04301  0.004164         0   0.04717        31       640    0.7822    0.7238    0.7179    0.3581   0.07437   0.01074         0
     33/79     10.5G   0.04683  0.004121         0   0.05095        29       640    0.8655    0.7239    0.7685    0.4141   0.07007   0.01044         0
     34/79     10.5G   0.03892  0.003661         0   0.04258        32       640    0.8738    0.7749    0.8197    0.4204   0.06939  0.009996         0
     35/79     10.5G   0.04356  0.003545         0    0.0471        35       640    0.8973    0.7836    0.8221    0.4396   0.07026      0.01         0
     36/79     10.5G   0.02887  0.003409         0   0.03228        30       640    0.8862    0.8132    0.8294    0.4318   0.06884   0.01014         0
     37/79     10.5G   0.04251  0.003287         0   0.04579        34       640    0.8869    0.8209    0.8391    0.4492    0.0684   0.01018         0
     38/79     10.5G   0.03546  0.003389         0   0.03885        30       640    0.8834    0.7985    0.8392     0.453   0.06672   0.01043         0
     39/79     10.5G   0.03728  0.003229         0   0.04051        27       640    0.9152     0.806    0.8647    0.4667   0.06748   0.01038         0
     40/79     10.5G   0.03729   0.00331         0    0.0406        29       640    0.8897    0.8431    0.8891    0.4934   0.06694   0.01044         0
     41/79     10.5G   0.02877  0.003113         0   0.03189        28       640    0.8931    0.8731    0.8954    0.4899   0.06691    0.0104         0
     42/79     10.5G   0.03222  0.003194         0   0.03542        36       640     0.871    0.8582     0.886    0.4605   0.06668   0.01023         0
     43/79     10.5G   0.03624  0.003185         0   0.03943        37       640    0.9327    0.8279    0.8875    0.4899   0.06599   0.01016         0
     44/79     10.5G   0.03513  0.003029         0   0.03816        34       640    0.8865    0.8209    0.8869    0.4457   0.06781   0.01014         0
     45/79     10.5G   0.04049   0.00306         0   0.04355        30       640    0.9134    0.8656    0.9102    0.4892   0.06588   0.01026         0
     46/79     10.5G   0.03256  0.002845         0   0.03541        34       640    0.8741    0.8881    0.9001    0.4902   0.06563   0.01045         0
     47/79     10.5G   0.03168  0.002978         0   0.03466        27       640    0.8368    0.8802    0.8815     0.446   0.06703   0.01039         0
     48/79     10.5G   0.03736   0.00302         0   0.04038        29       640    0.9193    0.8507    0.8964    0.4763   0.06591   0.01032         0
     49/79     10.5G   0.03651  0.002872         0   0.03938        37       640    0.8774    0.8582    0.8765    0.4668   0.06657   0.01061         0
     50/79     10.5G   0.03368  0.002928         0   0.03661        34       640    0.9244    0.8209    0.8832    0.4607   0.06729    0.0103         0
     51/79     10.5G   0.03549  0.002855         0   0.03834        33       640    0.9134    0.8654    0.9025    0.4646   0.06642   0.01027         0
     52/79     10.5G   0.03533  0.002969         0    0.0383        28       640     0.892    0.8657    0.8953    0.4575   0.06566   0.01038         0
     53/79     10.5G   0.03286  0.002743         0    0.0356        36       640    0.8914    0.8578    0.8951    0.4777   0.06575   0.01059         0
     54/79     10.5G   0.03045  0.002827         0   0.03328        28       640    0.9055    0.8582    0.8962    0.4744   0.06531   0.01073         0
     55/79     10.5G    0.0347  0.002994         0    0.0377        35       640    0.8923    0.8657    0.8925      0.45   0.06542    0.0108         0
     56/79     10.5G   0.02928  0.002774         0   0.03205        24       640    0.8712    0.8581    0.8848    0.4777   0.06549   0.01078         0
     57/79     10.5G   0.02898  0.002803         0   0.03178        32       640    0.9166    0.8209    0.8827    0.4565    0.0657   0.01079         0
     58/79     10.5G   0.03475  0.002766         0   0.03751        32       640    0.8992    0.8657    0.8815    0.4523   0.06569   0.01075         0
     59/79     10.5G   0.03264  0.002822         0   0.03546        26       640    0.8777    0.8582    0.8672    0.4302   0.06614   0.01084         0
     60/79     10.5G   0.02946  0.002769         0   0.03223        31       640    0.8507    0.8506    0.8499    0.4336   0.06598   0.01096         0
     61/79     10.5G   0.03542  0.002596         0   0.03801        15       640    0.8906    0.8507    0.8643    0.4234   0.06614   0.01098         0
     62/79     10.5G    0.0361   0.00275         0   0.03885        27       640    0.8947     0.888    0.8953    0.4554   0.06519   0.01086         0
     63/79     10.5G   0.03051  0.002615         0   0.03313        27       640    0.8881     0.888    0.8924    0.4637   0.06527   0.01091         0
     64/79     10.5G   0.03067  0.002735         0    0.0334        35       640    0.8881     0.888    0.8912    0.4809   0.06462   0.01093         0
     65/79     10.5G   0.02692  0.002808         0   0.02973        24       640    0.8931    0.8731    0.8967    0.4846   0.06434   0.01075         0
     66/79     10.5G   0.02731  0.002631         0   0.02994        33       640    0.9006    0.8806    0.8954     0.485   0.06459   0.01064         0
     67/79     10.5G   0.02678  0.002704         0   0.02949        32       640    0.8939    0.8804    0.8959    0.4818   0.06495   0.01084         0
     68/79     10.5G   0.03047  0.002656         0   0.03313        30       640    0.8939    0.8806    0.8885    0.4678   0.06528   0.01084         0
     69/79     10.5G   0.03761  0.002582         0   0.04019        27       640    0.8853    0.8657    0.8785    0.4833   0.06456   0.01071         0
     70/79     10.5G   0.03128  0.002592         0   0.03387        29       640     0.896    0.8358    0.8748    0.4664    0.0648   0.01081         0
     71/79     10.5G   0.03646  0.002647         0   0.03911        28       640     0.904    0.8428     0.883    0.4652   0.06455   0.01094         0
     72/79     10.5G   0.02847  0.002843         0   0.03131        27       640    0.8958    0.8358    0.8704    0.4585   0.06517   0.01103         0
     73/79     10.5G   0.02845  0.002649         0    0.0311        33       640    0.8968    0.8432    0.8723    0.4684   0.06477   0.01107         0
     74/79     10.5G   0.03291   0.00268         0   0.03559        36       640    0.9032    0.8358     0.881    0.4798   0.06446   0.01113         0
     75/79     10.5G   0.02637  0.002621         0   0.02899        34       640    0.8889    0.8358    0.8725    0.4589   0.06465   0.01122         0
     76/79     10.5G   0.03157  0.002743         0   0.03431        27       640    0.8699    0.7985    0.8438    0.4516   0.06503   0.01117         0
     77/79     10.5G   0.03197  0.002697         0   0.03466        27       640    0.8959    0.8358    0.8913    0.4791   0.06447   0.01113         0
     78/79     10.5G   0.03127  0.002769         0   0.03404        29       640    0.8968    0.8431      0.89    0.4813   0.06463   0.01114         0
     79/79     10.5G   0.02983  0.002626         0   0.03246        26       640    0.9055    0.8581    0.9016     0.468   0.06472   0.01104         0
